0 0.31951 0.32073 0.57317 0.55122 0.47805 0.57805 0.48415 0.49024 0.47927
0.31951 0 0.49024 0.63415 0.63293 0.57561 0.64756 0.6 0.35366 0.30366
0.32073 0.49024 0 0.4939 0.46707 0.32561 0.49146 0.31341 0.59634 0.58049
0.57317 0.63415 0.4939 0 0.59268 0.31829 0.49512 0.56463 0.66341 0.65732
0.55122 0.63293 0.46707 0.59268 0 0.53171 0.60366 0.28415 0.6439 0.67073
0.47805 0.57561 0.32561 0.31829 0.53171 0 0.33171 0.47317 0.65122 0.62073
0.57805 0.64756 0.49146 0.49512 0.60366 0.33171 0 0.56829 0.70488 0.65488
0.48415 0.6 0.31341 0.56463 0.28415 0.47317 0.56829 0 0.63415 0.63049
0.49024 0.35366 0.59634 0.66341 0.6439 0.65122 0.70488 0.63415 0 0.49146
0.47927 0.30366 0.58049 0.65732 0.67073 0.62073 0.65488 0.63049 0.49146 0
