826
233 31
595 255
630 742
55 19
701 568
134 91
202 499
263 138
689 423
590 134
518 654
26 27
688 382
584 632
733 612
187 284
814 748
248 663
536 177
83 103
225 28
66 136
45 31
789 73
176 398
349 259
794 174
432 687
87 45
357 46
735 446
350 621
602 216
320 91
622 320
366 374
222 106
16 108
301 250
416 506
743 531
440 118
355 333
388 573
448 98
398 424
105 384
633 670
23 581
204 16
151 123
637 336
130 285
728 639
50 5
113 45
128 158
144 674
386 377
749 491
294 63
190 111
112 166
46 93
94 148
401 275
192 101
732 329
316 256
305 267
103 115
527 236
127 207
723 584
241 114
695 102
140 737
2 1
111 165
262 50
206 137
149 148
397 101
475 211
231 378
62 3
248 402
13 32
739 715
143 56
220 118
606 685
54 133
493 376
121 265
565 293
235 410
105 22
650 572
315 537
136 458
746 61
351 331
36 253
230 566
37 35
101 427
271 403
715 624
183 266
230 419
368 189
139 441
43 104
791 89
556 82
21 147
752 703
162 809
3 119
99 311
585 549
591 608
11 16
259 323
555 363
139 516
308 824
644 519
433 454
618 740
678 100
431 741
7 36
156 65
419 721
418 759
160 147
414 176
404 41
409 473
379 468
253 456
463 417
633 102
587 677
131 23
182 380
171 288
132 58
425 659
234 268
558 38
471 344
26 48
521 155
326 399
822 521
523 13
393 235
518 228
77 195
219 766
771 689
327 141
334 768
38 66
785 774
344 31
376 59
353 762
289 55
81 665
539 178
109 128
262 317
20 46
574 43
89 698
348 383
202 256
606 786
584 576
138 162
812 797
90 781
197 321
744 252
699 503
51 9
249 757
404 487
86 12
49 277
328 241
479 157
141 191
79 170
113 367
704 815
161 246
137 755
747 100
416 307
229 203
460 102
77 511
99 390
489 62
163 8
237 319
121 211
658 321
114 171
200 598
345 693
552 778
465 657
5 445
61 60
33 421
126 106
549 493
603 94
60 223
375 258
417 691
230 18
52 152
118 645
552 170
451 152
42 25
592 6
109 630
443 215
35 300
341 810
484 485
61 309
114 332
245 330
198 212
72 242
254 140
107 634
3 83
220 540
291 571
185 182
356 337
142 371
642 97
168 360
353 560
457 76
219 491
51 673
6 41
490 669
104 255
509 482
326 340
247 246
69 639
447 297
557 180
710 188
145 46
53 751
765 660
69 388
2 34
257 24
734 264
107 184
28 435
7 502
199 153
228 278
589 160
798 136
7 57
147 426
373 171
84 51
438 306
287 138
113 326
375 618
542 624
158 292
490 20
3 273
343 269
99 553
97 37
181 260
705 774
760 127
7 249
490 599
14 307
314 215
24 64
590 787
382 797
758 129
66 764
123 546
28 181
23 98
59 7
4 577
500 409
613 282
274 251
12 5
74 31
522 83
170 281
395 825
561 431
801 382
446 30
306 118
67 40
116 45
66 607
11 4
9 58
193 158
178 210
690 816
22 47
545 729
156 283
112 526
129 232
36 38
23 73
580 309
351 535
627 57
293 147
154 60
140 111
629 450
6 28
772 282
59 804
161 37
308 120
436 542
277 415
8 43
568 384
256 612
773 83
396 224
512 278
2 23
11 85
221 702
23 33
120 75
538 25
70 200
100 648
545 201
507 154
466 635
255 258
405 373
692 137
313 40
593 382
122 110
578 496
712 731
483 447
8 4
70 551
579 570
667 244
655 521
185 664
610 238
16 21
238 616
238 169
347 201
718 559
544 446
297 199
651 236
202 245
144 91
129 59
230 329
264 722
332 795
95 494
97 99
76 467
246 788
496 43
538 707
143 476
152 346
186 57
430 298
107 68
29 111
3 1
196 165
17 431
505 375
174 122
382 144
235 220
628 216
406 730
90 72
782 674
767 764
246 439
4 2
114 182
315 313
1 7
49 159
61 808
247 442
215 337
423 54
26 15
625 463
197 251
324 362
579 652
70 45
370 528
63 71
6 24
510 17
756 357
7 79
477 696
548 178
43 515
142 179
285 322
312 256
714 483
122 364
112 117
385 519
611 350
4 377
215 684
51 56
38 194
219 121
133 239
92 82
123 514
406 322
37 52
25 77
691 694
775 317
444 203
671 18
1 14
218 198
100 35
218 372
8 576
518 564
5 1
653 10
9 19
49 81
217 462
294 299
16 188
25 175
636 468
341 258
269 51
646 81
803 142
615 326
157 29
107 481
201 708
375 525
672 340
534 273
9 15
62 358
191 495
504 428
480 156
172 197
453 11
531 334
482 591
449 158
726 368
391 371
780 657
570 777
724 607
770 302
35 248
432 35
234 513
425 34
53 150
683 821
276 58
13 96
532 298
9 10
234 186
583 351
89 42
379 638
366 306
412 237
345 3
604 566
690 379
122 389
541 62
221 369
173 121
7 22
319 434
335 287
600 381
250 135
154 295
459 206
575 476
484 111
480 601
711 604
713 784
488 793
450 517
208 137
222 799
623 594
331 244
205 150
609 826
359 332
225 478
222 748
72 57
252 232
547 532
215 184
44 31
286 465
162 508
719 677
550 381
209 26
56 114
597 763
18 29
353 264
40 63
66 303
395 16
214 563
53 30
2 700
302 614
84 267
559 388
358 411
279 212
609 21
524 522
620 522
413 88
394 246
660 186
800 172
697 151
85 213
22 39
118 342
65 62
409 250
807 86
253 802
35 3
587 441
586 738
610 796
11 138
586 573
75 94
455 91
591 656
405 820
529 349
656 679
228 761
750 105
174 716
167 163
150 464
62 127
400 376
290 143
341 407
9 6
625 819
379 32
130 5
713 699
2 31
437 391
30 28
783 448
275 89
36 582
779 37
158 264
261 145
25 14
135 172
176 136
823 516
440 472
51 189
551 818
160 244
712 655
280 717
640 238
19 20
570 61
93 137
503 736
18 9
119 363
174 792
638 720
125 91
408 255
445 503
128 324
201 119
175 180
10 54
594 407
219 631
7 13
75 562
199 217
65 102
533 151
183 23
142 164
367 387
112 236
17 106
173 325
776 163
7 271
381 248
291 243
34 661
78 54
282 207
60 38
216 224
1 17
149 333
379 482
364 469
310 74
237 686
244 433
554 123
75 286
530 47
336 136
189 237
427 617
82 28
104 146
88 40
29 280
39 597
705 64
1 272
329 486
383 501
84 142
389 466
25 348
551 811
4 6
302 146
51 169
109 35
193 682
136 498
237 259
706 5
1 470
168 130
569 426
62 216
19 95
125 428
101 42
520 465
753 259
26 69
641 68
169 643
479 668
340 727
203 61
649 436
790 701
365 350
102 605
461 456
80 29
817 260
177 175
110 91
202 157
492 258
265 647
29 606
124 113
207 298
681 256
220 240
135 85
121 105
76 45
227 204
678 813
